2.67052 -0.493594 -0.250172 0.37059 1.0
2.41698 3.39367 -0.862263 0.25 0.0
2.67052 3.39367 -0.250172 0.37059 0.0
2.41698 -0.493594 -0.862263 0.25 1.0
2.01366 3.39367 -1.38788 0.146446 0.0
2.41698 3.39367 -0.862263 0.25 0.0
2.01366 -0.493594 -1.38788 0.853553 1.0
1.48805 3.39367 -1.79119 0.75 0.0
2.01366 3.39367 -1.38788 0.853553 0.0
1.48805 -0.493594 -1.7912 0.75 1.0
0.875957 3.39367 -2.04473 0.629409 0.0
1.48805 3.39367 -1.79119 0.75 0.0
-0.437751 -0.493594 -2.04473 0.37059 1.0
-1.04984 3.39367 -1.79119 0.25 0.0
-0.437751 3.39367 -2.04473 0.37059 0.0
-1.04984 -0.493594 -1.7912 0.25 1.0
-1.57546 3.39367 -1.38788 0.146447 0.0
-1.04984 3.39367 -1.79119 0.25 0.0
-1.57546 -0.493594 -1.38788 0.853553 1.0
-1.97877 3.39367 -0.862263 0.75 0.0
-1.57546 3.39367 -1.38788 0.853553 0.0
-1.97877 -0.493594 -0.862263 0.75 1.0
-2.23231 3.39367 -0.250173 0.62941 0.0
-1.97877 3.39367 -0.862263 0.75 0.0
-2.23231 -0.493594 1.06354 0.370591 1.0
-1.97877 3.39367 1.67563 0.25 0.0
-2.23231 3.39367 1.06354 0.370591 0.0
-1.97877 -0.493594 1.67563 0.25 1.0
-1.57546 3.39367 2.20124 0.146447 0.0
-1.97877 3.39367 1.67563 0.25 0.0
-1.57546 -0.493594 2.20124 0.853554 1.0
-1.04984 3.39367 2.60456 0.75 0.0
-1.57546 3.39367 2.20124 0.853554 0.0
-1.04984 -0.493594 2.60456 0.75 1.0
-0.437752 3.39367 2.8581 0.62941 0.0
-1.04984 3.39367 2.60456 0.75 0.0
0.875956 -0.493594 2.8581 0.370591 1.0
1.48805 3.39367 2.60456 0.25 0.0
0.875956 3.39367 2.8581 0.370591 0.0
1.48805 -0.493594 2.60456 0.25 1.0
2.01366 3.39367 2.20124 0.146447 0.0
1.48805 3.39367 2.60456 0.25 0.0
2.01366 -0.493594 2.20124 0.853553 1.0
2.41698 3.39367 1.67563 0.75 0.0
2.01366 3.39367 2.20124 0.853553 0.0
2.41698 -0.493594 1.67563 0.75 1.0
2.67052 3.39367 1.06354 0.62941 0.0
2.41698 3.39367 1.67563 0.75 0.0
2.67052 3.39367 1.06354 0.0170372 0.62941
2.75699 3.39367 0.406682 0.0 0.5
2.41698 3.39367 1.67563 0.0669874 0.75
2.67052 -0.493594 -0.250172 0.37059 1.0
2.41698 -0.493594 -0.862263 0.25 1.0
2.41698 3.39367 -0.862263 0.25 0.0
2.41698 -0.493594 -0.862263 0.25 1.0
2.01366 -0.493594 -1.38788 0.146446 1.0
2.01366 3.39367 -1.38788 0.146446 0.0
2.01366 -0.493594 -1.38788 0.853553 1.0
1.48805 -0.493594 -1.7912 0.75 1.0
1.48805 3.39367 -1.79119 0.75 0.0
1.48805 -0.493594 -1.7912 0.75 1.0
0.875957 -0.493594 -2.04473 0.629409 1.0
0.875957 3.39367 -2.04473 0.629409 0.0
-0.437751 -0.493594 -2.04473 0.37059 1.0
-1.04984 -0.493594 -1.7912 0.25 1.0
-1.04984 3.39367 -1.79119 0.25 0.0
-1.04984 -0.493594 -1.7912 0.25 1.0
-1.57546 -0.493594 -1.38788 0.146447 1.0
-1.57546 3.39367 -1.38788 0.146447 0.0
-1.57546 -0.493594 -1.38788 0.853553 1.0
-1.97877 -0.493594 -0.862263 0.75 1.0
-1.97877 3.39367 -0.862263 0.75 0.0
-1.97877 -0.493594 -0.862263 0.75 1.0
-2.23231 -0.493594 -0.250173 0.62941 1.0
-2.23231 3.39367 -0.250173 0.62941 0.0
-2.23231 -0.493594 1.06354 0.370591 1.0
-1.97877 -0.493594 1.67563 0.25 1.0
-1.97877 3.39367 1.67563 0.25 0.0
-1.97877 -0.493594 1.67563 0.25 1.0
-1.57546 -0.493594 2.20124 0.146447 1.0
-1.57546 3.39367 2.20124 0.146447 0.0
-1.57546 -0.493594 2.20124 0.853554 1.0
-1.04984 -0.493594 2.60456 0.75 1.0
-1.04984 3.39367 2.60456 0.75 0.0
-1.04984 -0.493594 2.60456 0.75 1.0
-0.437752 -0.493594 2.85809 0.62941 1.0
-0.437752 3.39367 2.8581 0.62941 0.0
0.875956 -0.493594 2.8581 0.370591 1.0
1.48805 -0.493594 2.60456 0.25 1.0
1.48805 3.39367 2.60456 0.25 0.0
1.48805 -0.493594 2.60456 0.25 1.0
2.01366 -0.493594 2.20124 0.146447 1.0
2.01366 3.39367 2.20124 0.146447 0.0
2.01366 -0.493594 2.20124 0.853553 1.0
2.41698 -0.493594 1.67563 0.75 1.0
2.41698 3.39367 1.67563 0.75 0.0
2.41698 -0.493594 1.67563 0.75 1.0
2.67052 -0.493594 1.06354 0.62941 1.0
2.67052 3.39367 1.06354 0.62941 0.0
2.75699 3.39367 0.406682 0.0 0.5
2.67052 3.39367 -0.250172 0.0170372 0.37059
2.41698 3.39367 -0.862263 0.0669874 0.25
2.41698 3.39367 -0.862263 0.0669874 0.25
2.01366 3.39367 -1.38788 0.146447 0.146446
1.48805 3.39367 -1.79119 0.25 0.0669872
1.48805 3.39367 -1.79119 0.25 0.0669872
0.875957 3.39367 -2.04473 0.370591 0.0170371
0.219103 3.39367 -2.13121 0.5 0.0
2.41698 3.39367 -0.862263 0.0669874 0.25
1.48805 3.39367 -1.79119 0.25 0.0669872
0.219103 3.39367 -2.13121 0.5 0.0
0.219103 3.39367 -2.13121 0.5 0.0
-0.437751 3.39367 -2.04473 0.62941 0.0170371
-1.04984 3.39367 -1.79119 0.75 0.0669873
-1.04984 3.39367 -1.79119 0.75 0.0669873
-1.57546 3.39367 -1.38788 0.853553 0.146447
-1.97877 3.39367 -0.862263 0.933013 0.25
0.219103 3.39367 -2.13121 0.5 0.0
-1.04984 3.39367 -1.79119 0.75 0.0669873
-1.97877 3.39367 -0.862263 0.933013 0.25
-1.97877 3.39367 -0.862263 0.933013 0.25
-2.23231 3.39367 -0.250173 0.982963 0.37059
-2.31879 3.39367 0.406681 1.0 0.5
-2.31879 3.39367 0.406681 1.0 0.5
-2.23231 3.39367 1.06354 0.982963 0.629409
-1.97877 3.39367 1.67563 0.933013 0.75
-1.97877 3.39367 -0.862263 0.933013 0.25
-2.31879 3.39367 0.406681 1.0 0.5
-1.97877 3.39367 1.67563 0.933013 0.75
0.219103 3.39367 -2.13121 0.5 0.0
-1.97877 3.39367 -0.862263 0.933013 0.25
-1.97877 3.39367 1.67563 0.933013 0.75
-1.97877 3.39367 1.67563 0.933013 0.75
-1.57546 3.39367 2.20124 0.853554 0.853553
-1.04984 3.39367 2.60456 0.75 0.933013
-1.04984 3.39367 2.60456 0.75 0.933013
-0.437752 3.39367 2.8581 0.62941 0.982963
0.219102 3.39367 2.94457 0.5 1.0
-1.97877 3.39367 1.67563 0.933013 0.75
-1.04984 3.39367 2.60456 0.75 0.933013
0.219102 3.39367 2.94457 0.5 1.0
0.219102 3.39367 2.94457 0.5 1.0
0.875956 3.39367 2.8581 0.370591 0.982963
1.48805 3.39367 2.60456 0.25 0.933013
1.48805 3.39367 2.60456 0.25 0.933013
2.01366 3.39367 2.20124 0.146447 0.853553
2.41698 3.39367 1.67563 0.0669874 0.75
0.219102 3.39367 2.94457 0.5 1.0
1.48805 3.39367 2.60456 0.25 0.933013
2.41698 3.39367 1.67563 0.0669874 0.75
-1.97877 3.39367 1.67563 0.933013 0.75
0.219102 3.39367 2.94457 0.5 1.0
2.41698 3.39367 1.67563 0.0669874 0.75
0.219103 3.39367 -2.13121 0.5 0.0
-1.97877 3.39367 1.67563 0.933013 0.75
2.41698 3.39367 1.67563 0.0669874 0.75
2.41698 3.39367 -0.862263 0.0669874 0.25
0.219103 3.39367 -2.13121 0.5 0.0
2.41698 3.39367 1.67563 0.0669874 0.75
2.75699 3.39367 0.406682 0.0 0.5
2.41698 3.39367 -0.862263 0.0669874 0.25
2.41698 3.39367 1.67563 0.0669874 0.75

-3.0 -0.493593 -2.59332 0.0 0.0
3.0 -0.493593 3.40668 5.0 5.0
-3.0 -0.493593 3.40668 0.0 5.0
-3.0 -0.493593 -2.59332 0.0 0.0
3.0 -0.493593 -2.59332 5.0 0.0
3.0 -0.493593 3.40668 5.0 5.0

0.339536 0.106407 0.406682 0.5 0.761905
0.238036 0.106407 0.655182 0.7485 0.761905
0.23859 0.131016 0.655737 0.749055 0.793155
0.340317 0.131016 0.406682 0.684978 0.5
0.23859 0.131016 0.655737 0.621677 0.250945
0.255786 0.106407 0.672932 0.632377 0.23375
0.238036 0.106407 0.655182 0.378668 0.761905
-0.0104642 0.106407 0.756682 0.533301 0.761905
-0.0104642 0.131016 0.757463 0.533301 0.793155
0.23859 0.131016 0.655737 0.621677 0.250945
-0.0104642 0.131016 0.757463 0.466699 0.149219
-0.0104642 0.106407 0.781682 0.466699 0.125
-0.0104642 0.106407 0.756682 0.533301 0.761905
-0.267402 0.106407 0.655182 0.693184 0.761905
-0.260574 0.131016 0.655737 0.688935 0.793155
-0.0104642 0.131016 0.757463 0.466699 0.149219
-0.260574 0.131016 0.655737 0.311065 0.250945
-0.276714 0.106407 0.672932 0.301021 0.23375
-0.267402 0.106407 0.655182 0.2515 0.761905
-0.360464 0.106407 0.406682 0.5 0.761905
-0.361245 0.131016 0.406682 0.5 0.793155
-0.260574 0.131016 0.655737 0.311065 0.250945
-0.361245 0.131016 0.406682 0.24842 0.5
-0.385464 0.106407 0.406682 0.23335 0.5
-0.360464 0.106407 0.406682 0.5 0.761905
-0.258964 0.106407 0.158182 0.7485 0.761905
-0.259519 0.131016 0.157627 0.749055 0.793155
-0.361245 0.131016 0.406682 0.24842 0.5
-0.259519 0.131016 0.157627 0.311721 0.749055
-0.276714 0.106407 0.140432 0.301021 0.76625
-0.258964 0.106407 0.158182 0.312066 0.761905
-0.0104642 0.106407 0.056682 0.466699 0.761905
-0.0104642 0.131016 0.0559007 0.466699 0.793155
-0.259519 0.131016 0.157627 0.311721 0.749055
-0.0104642 0.131016 0.0559007 0.466699 0.850781
-0.0104642 0.106407 0.031682 0.466699 0.875
-0.0104642 0.106407 0.056682 0.466699 0.761905
0.238036 0.106407 0.158182 0.621332 0.761905
0.23859 0.131016 0.157627 0.621677 0.793155
-0.0104642 0.131016 0.0559007 0.466699 0.850781
0.23859 0.131016 0.157627 0.621677 0.749055
0.255786 0.106407 0.140432 0.632377 0.76625
0.238036 0.106407 0.158182 0.2515 0.761905
0.339536 0.106407 0.406682 0.5 0.761905
0.340317 0.131016 0.406682 0.5 0.793155
0.23859 0.131016 0.157627 0.621677 0.749055
0.340317 0.131016 0.406682 0.684978 0.5
0.364536 0.106407 0.406682 0.700049 0.5
0.364536 0.106407 0.406682 0.5 0.761905
0.255786 0.106407 0.672932 0.23375 0.761905
0.316802 -0.0881248 0.733948 0.172734 0.514881
0.450473 -0.0881247 0.406682 0.5 0.514881
0.316802 -0.0881248 0.733948 0.172734 0.514881
0.344536 -0.268593 0.761682 0.145 0.285714
0.255786 0.106407 0.672932 0.632377 0.761905
-0.0104642 0.106407 0.781682 0.466699 0.761905
-0.0104642 -0.0881247 0.86762 0.466699 0.514881
0.316802 -0.0881248 0.733948 0.670345 0.514881
-0.0104642 -0.0881247 0.86762 0.466699 0.514881
-0.0104642 -0.268593 0.906682 0.466699 0.285714
-0.0104642 0.106407 0.781682 0.466699 0.761905
-0.276714 0.106407 0.672932 0.301021 0.761905
-0.33773 -0.0881248 0.733948 0.263053 0.514881
-0.0104642 -0.0881247 0.86762 0.466699 0.514881
-0.33773 -0.0881248 0.733948 0.263053 0.514881
-0.365464 -0.268593 0.761682 0.245795 0.285714
-0.276714 0.106407 0.672932 0.76625 0.761905
-0.385464 0.106407 0.406682 0.5 0.761905
-0.471402 -0.0881247 0.406682 0.5 0.514881
-0.33773 -0.0881248 0.733948 0.827266 0.514881
-0.471402 -0.0881247 0.406682 0.5 0.514881
-0.510464 -0.268593 0.406682 0.5 0.285714
-0.385464 0.106407 0.406682 0.5 0.761905
-0.276714 0.106407 0.140432 0.23375 0.761905
-0.33773 -0.0881247 0.0794163 0.172734 0.514881
-0.471402 -0.0881247 0.406682 0.5 0.514881
-0.33773 -0.0881247 0.0794163 0.172734 0.514881
-0.365464 -0.268593 0.051682 0.145 0.285714
-0.276714 0.106407 0.140432 0.698979 0.761905
-0.0104642 0.106407 0.031682 0.533301 0.761905
-0.0104642 -0.0881248 -0.0542555 0.533301 0.514881
-0.33773 -0.0881247 0.0794163 0.736947 0.514881
-0.0104642 -0.0881248 -0.0542555 0.533301 0.514881
-0.0104642 -0.268593 -0.093318 0.533301 0.285714
-0.0104642 0.106407 0.031682 0.533301 0.761905
0.255786 0.106407 0.140432 0.367623 0.761905
0.316802 -0.0881247 0.0794163 0.329655 0.514881
-0.0104642 -0.0881248 -0.0542555 0.533301 0.514881
0.316802 -0.0881247 0.0794163 0.329655 0.514881
0.344536 -0.268593 0.0516821 0.312397 0.285714
0.255786 0.106407 0.140432 0.76625 0.761905
0.364536 0.106407 0.406682 0.5 0.761905
0.450473 -0.0881247 0.406682 0.5 0.514881
0.316802 -0.0881247 0.0794163 0.827266 0.514881
0.450473 -0.0881247 0.406682 0.5 0.514881
0.489536 -0.268593 0.406682 0.5 0.285714
0.489536 -0.268593 0.406682 0.5 0.285714
0.344536 -0.268593 0.761682 0.145 0.285714
0.300161 -0.3975 0.717307 0.189375 0.122024
0.427036 -0.3975 0.406682 0.26106 0.5
0.300161 -0.3975 0.717307 0.34001 0.189375
0.255786 -0.456093 0.672932 0.367623 0.23375
0.344536 -0.268593 0.761682 0.687603 0.285714
-0.0104642 -0.268593 0.906682 0.466699 0.285714
-0.0104642 -0.3975 0.844182 0.466699 0.122024
0.300161 -0.3975 0.717307 0.34001 0.189375
-0.0104642 -0.3975 0.844182 0.533301 0.0625
-0.0104642 -0.456093 0.781682 0.533301 0.125
-0.0104642 -0.268593 0.906682 0.466699 0.285714
-0.365464 -0.268593 0.761682 0.245795 0.285714
-0.321089 -0.3975 0.717307 0.273408 0.122024
-0.0104642 -0.3975 0.844182 0.533301 0.0625
-0.321089 -0.3975 0.717307 0.726592 0.189375
-0.276714 -0.456093 0.672932 0.698979 0.23375
-0.365464 -0.268593 0.761682 0.855 0.285714
-0.510464 -0.268593 0.406682 0.5 0.285714
-0.447964 -0.3975 0.406682 0.5 0.122024
-0.321089 -0.3975 0.717307 0.726592 0.189375
-0.447964 -0.3975 0.406682 0.805542 0.5
-0.385464 -0.456093 0.406682 0.76665 0.5
-0.510464 -0.268593 0.406682 0.5 0.285714
-0.365464 -0.268593 0.051682 0.145 0.285714
-0.321089 -0.3975 0.096057 0.189375 0.122024
-0.447964 -0.3975 0.406682 0.805542 0.5
-0.321089 -0.3975 0.096057 0.726592 0.810625
-0.276714 -0.456093 0.140432 0.698979 0.76625
-0.365464 -0.268593 0.051682 0.754205 0.285714
-0.0104642 -0.268593 -0.093318 0.533301 0.285714
-0.0104642 -0.3975 -0.030818 0.533301 0.122024
-0.321089 -0.3975 0.096057 0.726592 0.810625
-0.0104642 -0.3975 -0.030818 0.533301 0.9375
-0.0104642 -0.456093 0.031682 0.533301 0.875
-0.0104642 -0.268593 -0.093318 0.533301 0.285714
0.344536 -0.268593 0.051682 0.312397 0.285714
0.300161 -0.3975 0.096057 0.34001 0.122024
-0.0104642 -0.3975 -0.030818 0.533301 0.9375
0.300161 -0.3975 0.096057 0.34001 0.810625
0.255786 -0.456093 0.140432 0.367623 0.76625
0.344536 -0.268593 0.051682 0.855 0.285714
0.489536 -0.268593 0.406682 0.5 0.285714
0.427036 -0.3975 0.406682 0.5 0.122024
0.300161 -0.3975 0.096057 0.34001 0.810625
0.427036 -0.3975 0.406682 0.26106 0.5
0.364536 -0.456093 0.406682 0.299951 0.5
0.364536 -0.456093 0.406682 0.299951 0.5
0.255786 -0.456093 0.672932 0.367623 0.23375
0.217512 -0.481875 0.634659 0.391439 0.272023
0.31063 -0.481875 0.406682 0.333495 0.5
0.217512 -0.481875 0.634659 0.391439 0.272023
-0.0104642 -0.493593 0.406682 0.533301 0.5
0.255786 -0.456093 0.672932 0.367623 0.23375
-0.0104642 -0.456093 0.781682 0.533301 0.125
-0.0104642 -0.481875 0.727776 0.533301 0.178906
0.217512 -0.481875 0.634659 0.391439 0.272023
-0.0104642 -0.481875 0.727776 0.533301 0.178906
-0.0104642 -0.493593 0.406682 0.533301 0.5
-0.0104642 -0.456093 0.781682 0.533301 0.125
-0.276714 -0.456093 0.672932 0.698979 0.23375
-0.238441 -0.481875 0.634659 0.675163 0.272023
-0.0104642 -0.481875 0.727776 0.533301 0.178906
-0.238441 -0.481875 0.634659 0.675163 0.272023
-0.0104642 -0.493593 0.406682 0.533301 0.5
-0.276714 -0.456093 0.672932 0.698979 0.23375
-0.385464 -0.456093 0.406682 0.76665 0.5
-0.331558 -0.481875 0.406682 0.733106 0.5
-0.238441 -0.481875 0.634659 0.675163 0.272023
-0.331558 -0.481875 0.406682 0.733106 0.5
-0.0104642 -0.493593 0.406682 0.533301 0.5
-0.385464 -0.456093 0.406682 0.76665 0.5
-0.276714 -0.456093 0.140432 0.698979 0.76625
-0.238441 -0.481875 0.178705 0.675163 0.727977
-0.331558 -0.481875 0.406682 0.733106 0.5
-0.238441 -0.481875 0.178705 0.675163 0.727977
-0.0104642 -0.493593 0.406682 0.533301 0.5
-0.276714 -0.456093 0.140432 0.698979 0.76625
-0.0104642 -0.456093 0.031682 0.533301 0.875
-0.0104642 -0.481875 0.0855883 0.533301 0.821094
-0.238441 -0.481875 0.178705 0.675163 0.727977
-0.0104642 -0.481875 0.0855883 0.533301 0.821094
-0.0104642 -0.493593 0.406682 0.533301 0.5
-0.0104642 -0.456093 0.031682 0.533301 0.875
0.255786 -0.456093 0.140432 0.367623 0.76625
0.217512 -0.481875 0.178705 0.391439 0.727977
-0.0104642 -0.481875 0.0855883 0.533301 0.821094
0.217512 -0.481875 0.178705 0.391439 0.727977
-0.0104642 -0.493593 0.406682 0.533301 0.5
0.255786 -0.456093 0.140432 0.367623 0.76625
0.364536 -0.456093 0.406682 0.299951 0.5
0.31063 -0.481875 0.406682 0.333495 0.5
0.217512 -0.481875 0.178705 0.391439 0.727977
0.31063 -0.481875 0.406682 0.333495 0.5
-0.0104642 -0.493593 0.406682 0.533301 0.5
-0.410464 0.0126566 0.406682 0.782207 0.5
-0.397964 0.0407816 0.462932 0.774429 0.44375
-0.640152 0.0302347 0.462932 0.925134 0.44375
-0.613589 0.00562534 0.406682 0.908605 0.5
-0.640152 0.0302347 0.462932 0.925134 0.44375
-0.722964 -0.0435935 0.462932 0.976665 0.44375
-0.397964 0.0407816 0.462932 0.225571 0.44375
-0.385464 0.0689065 0.406682 0.23335 0.5
-0.666714 0.054844 0.406682 0.0583374 0.5
-0.640152 0.0302347 0.462932 0.0748663 0.44375
-0.666714 0.054844 0.406682 0.0583374 0.5
-0.760464 -0.0435935 0.406682 0.0 0.5
-0.385464 0.0689065 0.406682 0.23335 0.5
-0.397964 0.0407816 0.350432 0.225571 0.55625
-0.640152 0.0302347 0.350432 0.0748663 0.55625
-0.666714 0.054844 0.406682 0.0583374 0.5
-0.640152 0.0302347 0.350432 0.0748663 0.55625
-0.722964 -0.0435935 0.350432 0.0233349 0.55625
-0.397964 0.0407816 0.350432 0.774429 0.55625
-0.410464 0.0126566 0.406682 0.782207 0.5
-0.613589 0.00562534 0.406682 0.908605 0.5
-0.640152 0.0302347 0.350432 0.925134 0.55625
-0.613589 0.00562534 0.406682 0.908605 0.5
-0.685464 -0.0435935 0.406682 0.95333 0.5
-0.685464 -0.0435935 0.406682 0.0466699 0.571429
-0.722964 -0.0435935 0.462932 0.023335 0.571429
-0.669058 -0.180117 0.462932 0.0568789 0.398065
-0.644839 -0.156093 0.406682 0.0719494 0.5
-0.669058 -0.180117 0.462932 0.0568789 0.44375
-0.497964 -0.306093 0.462932 0.163345 0.44375
-0.722964 -0.0435935 0.462932 0.023335 0.571429
-0.760464 -0.0435935 0.406682 0.0 0.571429
-0.693277 -0.20414 0.406682 0.0418084 0.36756
-0.669058 -0.180117 0.462932 0.943121 0.44375
-0.693277 -0.20414 0.406682 0.958192 0.5
-0.485464 -0.343593 0.406682 0.828877 0.5
-0.760464 -0.0435935 0.406682 1.0 0.571429
-0.722964 -0.0435935 0.350432 0.976665 0.571429
-0.669058 -0.180117 0.350432 0.943121 0.398065
-0.693277 -0.20414 0.406682 0.958192 0.5
-0.669058 -0.180117 0.350432 0.943121 0.55625
-0.497964 -0.306093 0.350432 0.836655 0.55625
-0.722964 -0.0435935 0.350432 0.976665 0.571429
-0.685464 -0.0435935 0.406682 0.95333 0.571429
-0.644839 -0.156093 0.406682 0.928051 0.428571
-0.669058 -0.180117 0.350432 0.0568789 0.55625
-0.644839 -0.156093 0.406682 0.0719494 0.5
-0.510464 -0.268593 0.406682 0.155566 0.5
0.414536 -0.137343 0.406682 0.731162 0.5
0.414536 -0.240468 0.530432 0.731162 0.37625
0.623911 -0.0881247 0.491995 0.861449 0.414687
0.586411 -0.0435935 0.406682 0.838114 0.5
0.623911 -0.0881247 0.491995 0.861449 0.414687
0.739536 0.106407 0.453557 0.933398 0.453125
0.414536 -0.240468 0.530432 0.268838 0.37625
0.414536 -0.343593 0.406682 0.268838 0.5
0.661411 -0.132656 0.406682 0.115216 0.5
0.623911 -0.0881247 0.491995 0.138551 0.414687
0.661411 -0.132656 0.406682 0.115216 0.5
0.814536 0.106407 0.406682 0.019932 0.5
0.414536 -0.343593 0.406682 0.268838 0.5
0.414536 -0.240468 0.282932 0.268838 0.62375
0.623911 -0.0881247 0.32137 0.138551 0.585312
0.661411 -0.132656 0.406682 0.115216 0.458333
0.623911 -0.0881247 0.321369 0.138551 0.514881
0.739536 0.106407 0.359807 0.0666019 0.761905
0.414536 -0.240468 0.282932 0.731162 0.62375
0.414536 -0.137343 0.406682 0.731162 0.5
0.586411 -0.0435935 0.406682 0.838114 0.5
0.623911 -0.0881247 0.321369 0.138551 0.514881
0.586411 -0.0435935 0.406682 0.161886 0.571429
0.664536 0.106407 0.406682 0.113272 0.761905
0.664536 0.106407 0.406682 0.886728 0.5
0.739536 0.106407 0.453557 0.933398 0.453125
0.771177 0.123106 0.444182 0.953087 0.4625
0.695786 0.120469 0.406682 0.0938261 0.779762
0.771177 0.123106 0.444182 0.046913 0.78311
0.739536 0.106407 0.434807 0.0666019 0.761905
0.739536 0.106407 0.453557 0.0666019 0.453125
0.814536 0.106407 0.406682 0.019932 0.5
0.846567 0.125742 0.406682 0.0 0.5
0.771177 0.123106 0.444182 0.953087 0.4625
0.846567 0.125742 0.406682 1.0 0.5
0.789536 0.106407 0.406682 0.964511 0.5
0.814536 0.106407 0.406682 0.019932 0.761905
0.739536 0.106407 0.359807 0.0666019 0.761905
0.771176 0.123106 0.369182 0.0469131 0.78311
0.846567 0.125742 0.406682 1.0 0.5
0.771176 0.123106 0.369182 0.953087 0.5375
0.739536 0.106407 0.378557 0.933398 0.528125
0.739536 0.106407 0.359807 0.933398 0.546875
0.664536 0.106407 0.406682 0.886728 0.5
0.695786 0.120469 0.406682 0.906174 0.5
0.771176 0.123106 0.369182 0.953087 0.78311
0.695786 0.120469 0.406682 0.906174 0.779762
0.689536 0.106407 0.406682 0.902285 0.761905
0.0472937 0.251719 0.46444 0.50264 0.442242
0.0707858 0.251719 0.406682 0.517258 0.5
-0.0104642 0.293907 0.406682 0.466699 0.5
0.0707858 0.251719 0.406682 0.5 0.946429
0.0472937 0.251719 0.46444 0.442242 0.946429
0.0250359 0.181407 0.442182 0.4645 0.857143
-0.0104642 0.251719 0.487932 0.466699 0.41875
0.0472937 0.251719 0.46444 0.50264 0.442242
-0.0104642 0.293907 0.406682 0.466699 0.5
0.0472937 0.251719 0.46444 0.50264 0.946429
-0.0104642 0.251719 0.487932 0.466699 0.946429
-0.0104642 0.181407 0.456682 0.466699 0.857143
-0.068222 0.251719 0.46444 0.430758 0.442242
-0.0104642 0.251719 0.487932 0.466699 0.41875
-0.0104642 0.293907 0.406682 0.466699 0.5
-0.0104642 0.251719 0.487932 0.466699 0.946429
-0.068222 0.251719 0.46444 0.430758 0.946429
-0.0459642 0.181407 0.442182 0.444609 0.857143
-0.0917141 0.251719 0.406682 0.41614 0.5
-0.068222 0.251719 0.46444 0.430758 0.442242
-0.0104642 0.293907 0.406682 0.466699 0.5
-0.068222 0.251719 0.46444 0.557758 0.946429
-0.0917141 0.251719 0.406682 0.5 0.946429
-0.0604641 0.181407 0.406682 0.5 0.857143
-0.068222 0.251719 0.348924 0.430758 0.557758
-0.0917141 0.251719 0.406682 0.41614 0.5
-0.0104642 0.293907 0.406682 0.466699 0.5
-0.0917141 0.251719 0.406682 0.5 0.946429
-0.068222 0.251719 0.348924 0.442242 0.946429
-0.0459642 0.181407 0.371182 0.4645 0.857143
-0.0104642 0.251719 0.325432 0.466699 0.58125
-0.068222 0.251719 0.348924 0.430758 0.557758
-0.0104642 0.293907 0.406682 0.466699 0.5
-0.068222 0.251719 0.348924 0.569242 0.946429
-0.0104642 0.251719 0.325432 0.533301 0.946429
-0.0104642 0.181407 0.356682 0.533301 0.857143
0.0472937 0.251719 0.348924 0.50264 0.557758
-0.0104642 0.251719 0.325432 0.466699 0.58125
-0.0104642 0.293907 0.406682 0.466699 0.5
-0.0104642 0.251719 0.325432 0.533301 0.946429
0.0472937 0.251719 0.348924 0.49736 0.946429
0.0250359 0.181407 0.371182 0.511211 0.857143
0.0707858 0.251719 0.406682 0.517258 0.5
0.0472937 0.251719 0.348924 0.50264 0.557758
-0.0104642 0.293907 0.406682 0.466699 0.5
0.0472937 0.251719 0.348924 0.557758 0.946429
0.0707858 0.251719 0.406682 0.5 0.946429
0.0395358 0.181407 0.406682 0.5 0.857143
0.0395358 0.181407 0.406682 0.497812 0.5
0.0250359 0.181407 0.442182 0.488789 0.4645
0.135973 0.143906 0.553119 0.557822 0.353562
0.195786 0.143907 0.406682 0.595041 0.5
0.135973 0.143906 0.553119 0.557822 0.353562
0.220286 0.106407 0.637432 0.610287 0.26925
0.0250359 0.181407 0.442182 0.488789 0.4645
-0.0104642 0.181407 0.456682 0.466699 0.45
-0.0104642 0.143907 0.612932 0.466699 0.29375
0.135973 0.143906 0.553119 0.557822 0.353562
-0.0104642 0.143907 0.612932 0.466699 0.29375
-0.0104642 0.106407 0.731682 0.466699 0.175
-0.0104642 0.181407 0.456682 0.466699 0.45
-0.0459642 0.181407 0.442182 0.444609 0.4645
-0.156902 0.143906 0.553119 0.375576 0.353563
-0.0104642 0.143907 0.612932 0.466699 0.29375
-0.156902 0.143906 0.553119 0.375576 0.353563
-0.241214 0.106407 0.637432 0.323111 0.26925
-0.0459642 0.181407 0.442182 0.444609 0.4645
-0.0604641 0.181407 0.406682 0.435586 0.5
-0.216714 0.143907 0.406682 0.338357 0.5
-0.156902 0.143906 0.553119 0.375576 0.353563
-0.216714 0.143907 0.406682 0.338357 0.5
-0.335464 0.106407 0.406682 0.264463 0.5
-0.0604641 0.181407 0.406682 0.435586 0.5
-0.0459642 0.181407 0.371182 0.444609 0.5355
-0.156902 0.143906 0.260244 0.375576 0.646438
-0.216714 0.143907 0.406682 0.338357 0.5
-0.156902 0.143906 0.260244 0.375576 0.646438
-0.241214 0.106407 0.175932 0.323111 0.73075
-0.0459642 0.181407 0.371182 0.444609 0.5355
-0.0104642 0.181407 0.356682 0.466699 0.55
-0.0104642 0.143907 0.200432 0.466699 0.70625
-0.156902 0.143906 0.260244 0.375576 0.646438
-0.0104642 0.143907 0.200432 0.466699 0.70625
-0.0104642 0.106407 0.081682 0.466699 0.825
-0.0104642 0.181407 0.356682 0.466699 0.55
0.0250359 0.181407 0.371182 0.488789 0.5355
0.135973 0.143906 0.260244 0.557822 0.646437
-0.0104642 0.143907 0.200432 0.466699 0.70625
0.135973 0.143906 0.260244 0.557822 0.646437
0.220286 0.106407 0.175932 0.610287 0.73075
0.0250359 0.181407 0.371182 0.488789 0.5355
0.0395358 0.181407 0.406682 0.497812 0.5
0.195786 0.143907 0.406682 0.595041 0.5
0.135973 0.143906 0.260244 0.557822 0.646437
0.195786 0.143907 0.406682 0.595041 0.5
0.314536 0.106407 0.406682 0.668935 0.5
0.23859 0.131016 0.655737 0.749055 0.793155
0.340317 0.131016 0.406682 0.5 0.793155
0.339536 0.106407 0.406682 0.5 0.761905
0.255786 0.106407 0.672932 0.632377 0.23375
0.364536 0.106407 0.406682 0.700049 0.5
0.340317 0.131016 0.406682 0.684978 0.5
-0.0104642 0.131016 0.757463 0.533301 0.793155
0.23859 0.131016 0.655737 0.378323 0.793155
0.238036 0.106407 0.655182 0.378668 0.761905
-0.0104642 0.106407 0.781682 0.466699 0.125
0.255786 0.106407 0.672932 0.632377 0.23375
0.23859 0.131016 0.655737 0.621677 0.250945
-0.260574 0.131016 0.655737 0.688935 0.793155
-0.0104642 0.131016 0.757463 0.533301 0.793155
-0.0104642 0.106407 0.756682 0.533301 0.761905
-0.276714 0.106407 0.672932 0.301021 0.23375
-0.0104642 0.106407 0.781682 0.466699 0.125
-0.0104642 0.131016 0.757463 0.466699 0.149219
-0.361245 0.131016 0.406682 0.5 0.793155
-0.260574 0.131016 0.655737 0.250945 0.793155
-0.267402 0.106407 0.655182 0.2515 0.761905
-0.385464 0.106407 0.406682 0.23335 0.5
-0.276714 0.106407 0.672932 0.301021 0.23375
-0.260574 0.131016 0.655737 0.311065 0.250945
-0.259519 0.131016 0.157627 0.749055 0.793155
-0.361245 0.131016 0.406682 0.5 0.793155
-0.360464 0.106407 0.406682 0.5 0.761905
-0.276714 0.106407 0.140432 0.301021 0.76625
-0.385464 0.106407 0.406682 0.23335 0.5
-0.361245 0.131016 0.406682 0.24842 0.5
-0.0104642 0.131016 0.0559007 0.466699 0.793155
-0.259519 0.131016 0.157627 0.311721 0.793155
-0.258964 0.106407 0.158182 0.312066 0.761905
-0.0104642 0.106407 0.031682 0.466699 0.875
-0.276714 0.106407 0.140432 0.301021 0.76625
-0.259519 0.131016 0.157627 0.311721 0.749055
0.23859 0.131016 0.157627 0.621677 0.793155
-0.0104642 0.131016 0.0559007 0.466699 0.793155
-0.0104642 0.106407 0.056682 0.466699 0.761905
0.255786 0.106407 0.140432 0.632377 0.76625
-0.0104642 0.106407 0.031682 0.466699 0.875
-0.0104642 0.131016 0.0559007 0.466699 0.850781
0.340317 0.131016 0.406682 0.5 0.793155
0.23859 0.131016 0.157627 0.250945 0.793155
0.238036 0.106407 0.158182 0.2515 0.761905
0.364536 0.106407 0.406682 0.700049 0.5
0.255786 0.106407 0.140432 0.632377 0.76625
0.23859 0.131016 0.157627 0.621677 0.749055
0.316802 -0.0881248 0.733948 0.172734 0.514881
0.450473 -0.0881247 0.406682 0.5 0.514881
0.364536 0.106407 0.406682 0.5 0.761905
0.344536 -0.268593 0.761682 0.145 0.285714
0.489536 -0.268593 0.406682 0.5 0.285714
0.450473 -0.0881247 0.406682 0.5 0.514881
-0.0104642 -0.0881247 0.86762 0.466699 0.514881
0.316802 -0.0881248 0.733948 0.670345 0.514881
0.255786 0.106407 0.672932 0.632377 0.761905
-0.0104642 -0.268593 0.906682 0.466699 0.285714
0.344536 -0.268593 0.761682 0.687603 0.285714
0.316802 -0.0881248 0.733948 0.670345 0.514881
-0.33773 -0.0881248 0.733948 0.263053 0.514881
-0.0104642 -0.0881247 0.86762 0.466699 0.514881
-0.0104642 0.106407 0.781682 0.466699 0.761905
-0.365464 -0.268593 0.761682 0.245795 0.285714
-0.0104642 -0.268593 0.906682 0.466699 0.285714
-0.0104642 -0.0881247 0.867619 0.466699 0.514881
-0.471402 -0.0881247 0.406682 0.5 0.514881
-0.33773 -0.0881248 0.733948 0.827266 0.514881
-0.276714 0.106407 0.672932 0.76625 0.761905
-0.510464 -0.268593 0.406682 0.5 0.285714
-0.365464 -0.268593 0.761682 0.855 0.285714
-0.33773 -0.0881248 0.733948 0.827266 0.514881
-0.33773 -0.0881247 0.0794163 0.172734 0.514881
-0.471402 -0.0881247 0.406682 0.5 0.514881
-0.385464 0.106407 0.406682 0.5 0.761905
-0.365464 -0.268593 0.051682 0.145 0.285714
-0.510464 -0.268593 0.406682 0.5 0.285714
-0.471402 -0.0881247 0.406682 0.5 0.514881
-0.0104642 -0.0881248 -0.0542555 0.533301 0.514881
-0.33773 -0.0881247 0.0794163 0.736947 0.514881
-0.276714 0.106407 0.140432 0.698979 0.761905
-0.0104642 -0.268593 -0.093318 0.533301 0.285714
-0.365464 -0.268593 0.051682 0.754205 0.285714
-0.33773 -0.0881247 0.0794163 0.736947 0.514881
0.316802 -0.0881247 0.0794163 0.329655 0.514881
-0.0104642 -0.0881248 -0.0542555 0.533301 0.514881
-0.0104642 0.106407 0.031682 0.533301 0.761905
0.344536 -0.268593 0.051682 0.312397 0.285714
-0.0104642 -0.268593 -0.093318 0.533301 0.285714
-0.0104642 -0.0881248 -0.0542555 0.533301 0.514881
0.450473 -0.0881247 0.406682 0.5 0.514881
0.316802 -0.0881247 0.0794163 0.827266 0.514881
0.255786 0.106407 0.140432 0.76625 0.761905
0.489536 -0.268593 0.406682 0.5 0.285714
0.344536 -0.268593 0.051682 0.855 0.285714
0.316802 -0.0881247 0.0794163 0.827266 0.514881
0.300161 -0.3975 0.717307 0.189375 0.122024
0.427036 -0.3975 0.406682 0.5 0.122024
0.489536 -0.268593 0.406682 0.5 0.285714
0.255786 -0.456093 0.672932 0.367623 0.23375
0.364536 -0.456093 0.406682 0.299951 0.5
0.427036 -0.3975 0.406682 0.26106 0.5
-0.0104642 -0.3975 0.844182 0.466699 0.122024
0.300161 -0.3975 0.717307 0.65999 0.122024
0.344536 -0.268593 0.761682 0.687603 0.285714
-0.0104642 -0.456093 0.781682 0.533301 0.125
0.255786 -0.456093 0.672932 0.367623 0.23375
0.300161 -0.3975 0.717307 0.34001 0.189375
-0.321089 -0.3975 0.717307 0.273408 0.122024
-0.0104642 -0.3975 0.844182 0.466699 0.122024
-0.0104642 -0.268593 0.906682 0.466699 0.285714
-0.276714 -0.456093 0.672932 0.698979 0.23375
-0.0104642 -0.456093 0.781682 0.533301 0.125
-0.0104642 -0.3975 0.844182 0.533301 0.0625
-0.447964 -0.3975 0.406682 0.5 0.122024
-0.321089 -0.3975 0.717307 0.810625 0.122024
-0.365464 -0.268593 0.761682 0.855 0.285714
-0.385464 -0.456093 0.406682 0.76665 0.5
-0.276714 -0.456093 0.672932 0.698979 0.23375
-0.321089 -0.3975 0.717307 0.726592 0.189375
-0.321089 -0.3975 0.096057 0.189375 0.122024
-0.447964 -0.3975 0.406682 0.5 0.122024
-0.510464 -0.268593 0.406682 0.5 0.285714
-0.276714 -0.456093 0.140432 0.698979 0.76625
-0.385464 -0.456093 0.406682 0.76665 0.5
-0.447964 -0.3975 0.406682 0.805542 0.5
-0.0104642 -0.3975 -0.030818 0.533301 0.122024
-0.321089 -0.3975 0.096057 0.726592 0.122024
-0.365464 -0.268593 0.051682 0.754205 0.285714
-0.0104642 -0.456093 0.031682 0.533301 0.875
-0.276714 -0.456093 0.140432 0.698979 0.76625
-0.321089 -0.3975 0.096057 0.726592 0.810625
0.300161 -0.3975 0.096057 0.34001 0.122024
-0.0104642 -0.3975 -0.030818 0.533301 0.122024
-0.0104642 -0.268593 -0.093318 0.533301 0.285714
0.255786 -0.456093 0.140432 0.367623 0.76625
-0.0104642 -0.456093 0.031682 0.533301 0.875
-0.0104642 -0.3975 -0.030818 0.533301 0.9375
0.427036 -0.3975 0.406682 0.5 0.122024
0.300161 -0.3975 0.096057 0.810625 0.122024
0.344536 -0.268593 0.051682 0.855 0.285714
0.364536 -0.456093 0.406682 0.299951 0.5
0.255786 -0.456093 0.140432 0.367623 0.76625
0.300161 -0.3975 0.096057 0.34001 0.810625
0.217512 -0.481875 0.634659 0.391439 0.272023
0.31063 -0.481875 0.406682 0.333495 0.5
0.364536 -0.456093 0.406682 0.299951 0.5
-0.0104642 -0.481875 0.727776 0.533301 0.178906
0.217512 -0.481875 0.634659 0.391439 0.272023
0.255786 -0.456093 0.672932 0.367623 0.23375
-0.238441 -0.481875 0.634659 0.675163 0.272023
-0.0104642 -0.481875 0.727776 0.533301 0.178906
-0.0104642 -0.456093 0.781682 0.533301 0.125
-0.331558 -0.481875 0.406682 0.733106 0.5
-0.238441 -0.481875 0.634659 0.675163 0.272023
-0.276714 -0.456093 0.672932 0.698979 0.23375
-0.238441 -0.481875 0.178705 0.675163 0.727977
-0.331558 -0.481875 0.406682 0.733106 0.5
-0.385464 -0.456093 0.406682 0.76665 0.5
-0.0104642 -0.481875 0.0855883 0.533301 0.821094
-0.238441 -0.481875 0.178705 0.675163 0.727977
-0.276714 -0.456093 0.140432 0.698979 0.76625
0.217512 -0.481875 0.178705 0.391439 0.727977
-0.0104642 -0.481875 0.0855883 0.533301 0.821094
-0.0104642 -0.456093 0.031682 0.533301 0.875
0.31063 -0.481875 0.406682 0.333495 0.5
0.217512 -0.481875 0.178705 0.391439 0.727977
0.255786 -0.456093 0.140432 0.367623 0.76625
-0.640152 0.0302347 0.462932 0.925134 0.44375
-0.613589 0.00562534 0.406682 0.908605 0.5
-0.410464 0.0126566 0.406682 0.782207 0.5
-0.722964 -0.0435935 0.462932 0.976665 0.44375
-0.685464 -0.0435935 0.406682 0.95333 0.5
-0.613589 0.00562534 0.406682 0.908605 0.5
-0.666714 0.054844 0.406682 0.0583374 0.5
-0.640152 0.0302347 0.462932 0.0748663 0.44375
-0.397964 0.0407816 0.462932 0.225571 0.44375
-0.760464 -0.0435935 0.406682 0.0 0.5
-0.722964 -0.0435935 0.462932 0.023335 0.44375
-0.640152 0.0302347 0.462932 0.0748663 0.44375
-0.640152 0.0302347 0.350432 0.0748663 0.55625
-0.666714 0.054844 0.406682 0.0583374 0.5
-0.385464 0.0689065 0.406682 0.23335 0.5
-0.722964 -0.0435935 0.350432 0.0233349 0.55625
-0.760464 -0.0435935 0.406682 0.0 0.5
-0.666714 0.054844 0.406682 0.0583374 0.5
-0.613589 0.00562534 0.406682 0.908605 0.5
-0.640152 0.0302347 0.350432 0.925134 0.55625
-0.397964 0.0407816 0.350432 0.774429 0.55625
-0.685464 -0.0435935 0.406682 0.95333 0.5
-0.722964 -0.0435935 0.350432 0.976665 0.55625
-0.640152 0.0302347 0.350432 0.925134 0.55625
-0.669058 -0.180117 0.462932 0.44375 0.398065
-0.644839 -0.156093 0.406682 0.5 0.428571
-0.685464 -0.0435935 0.406682 0.5 0.571429
-0.497964 -0.306093 0.462932 0.163345 0.44375
-0.510464 -0.268593 0.406682 0.155566 0.5
-0.644839 -0.156093 0.406682 0.0719494 0.5
-0.693277 -0.20414 0.406682 0.5 0.36756
-0.669058 -0.180117 0.462932 0.55625 0.398065
-0.722964 -0.0435935 0.462932 0.55625 0.571429
-0.485464 -0.343593 0.406682 0.828877 0.5
-0.497964 -0.306093 0.462932 0.836655 0.44375
-0.669058 -0.180117 0.462932 0.943121 0.44375
-0.669058 -0.180117 0.350432 0.44375 0.398065
-0.693277 -0.20414 0.406682 0.5 0.36756
-0.760464 -0.0435935 0.406682 0.5 0.571429
-0.497964 -0.306093 0.350432 0.836655 0.55625
-0.485464 -0.343593 0.406682 0.828877 0.5
-0.693277 -0.20414 0.406682 0.958192 0.5
-0.644839 -0.156093 0.406682 0.5 0.428571
-0.669058 -0.180117 0.350432 0.55625 0.398065
-0.722964 -0.0435935 0.350432 0.55625 0.571429
-0.510464 -0.268593 0.406682 0.155566 0.5
-0.497964 -0.306093 0.350432 0.163345 0.55625
-0.669058 -0.180117 0.350432 0.0568789 0.55625
0.623911 -0.0881247 0.491995 0.861449 0.414687
0.586411 -0.0435935 0.406682 0.838114 0.5
0.414536 -0.137343 0.406682 0.731162 0.5
0.739536 0.106407 0.453557 0.933398 0.761905
0.664536 0.106407 0.406682 0.886728 0.761905
0.586411 -0.0435935 0.406682 0.838114 0.571429
0.661411 -0.132656 0.406682 0.115216 0.5
0.623911 -0.0881247 0.491995 0.138551 0.414687
0.414536 -0.240468 0.530432 0.268838 0.37625
0.814536 0.106407 0.406682 0.980068 0.761905
0.739536 0.106407 0.453557 0.933398 0.761905
0.623911 -0.0881247 0.491995 0.861449 0.514881
0.623911 -0.0881247 0.321369 0.138551 0.585312
0.661411 -0.132656 0.406682 0.115216 0.5
0.414536 -0.343593 0.406682 0.268838 0.5
0.739536 0.106407 0.359807 0.0666019 0.761905
0.814536 0.106407 0.406682 0.019932 0.761905
0.661411 -0.132656 0.406682 0.115216 0.458333
0.586411 -0.0435935 0.406682 0.838114 0.5
0.623911 -0.0881247 0.321369 0.861449 0.585312
0.414536 -0.240468 0.282932 0.731162 0.62375
0.664536 0.106407 0.406682 0.113272 0.761905
0.739536 0.106407 0.359807 0.0666019 0.761905
0.623911 -0.0881247 0.321369 0.138551 0.514881
0.771177 0.123106 0.444182 0.953087 0.4625
0.695786 0.120469 0.406682 0.906174 0.5
0.664536 0.106407 0.406682 0.886728 0.5
0.739536 0.106407 0.434807 0.0666019 0.761905
0.689536 0.106407 0.406682 0.0977152 0.761905
0.695786 0.120469 0.406682 0.0938261 0.779762
0.846567 0.125742 0.406682 1.0 0.786458
0.771177 0.123106 0.444182 0.953087 0.78311
0.739536 0.106407 0.453557 0.933398 0.761905
0.789536 0.106407 0.406682 0.964511 0.5
0.739536 0.106407 0.434807 0.933398 0.471875
0.771177 0.123106 0.444182 0.953087 0.4625
0.771176 0.123106 0.369182 0.0469131 0.5375
0.846567 0.125742 0.406682 0.0 0.5
0.814536 0.106407 0.406682 0.019932 0.5
0.739536 0.106407 0.378557 0.933398 0.528125
0.789536 0.106407 0.406682 0.964511 0.5
0.846567 0.125742 0.406682 1.0 0.5
0.695786 0.120469 0.406682 0.906174 0.5
0.771176 0.123106 0.369182 0.953087 0.5375
0.739536 0.106407 0.359807 0.933398 0.546875
0.689536 0.106407 0.406682 0.902285 0.761905
0.739536 0.106407 0.378557 0.933398 0.761905
0.771176 0.123106 0.369182 0.953087 0.78311
0.0250359 0.181407 0.442182 0.4645 0.857143
0.0395358 0.181407 0.406682 0.5 0.857143
0.0707858 0.251719 0.406682 0.5 0.946429
-0.0104642 0.181407 0.456682 0.466699 0.857143
0.0250359 0.181407 0.442182 0.488789 0.857143
0.0472937 0.251719 0.46444 0.50264 0.946429
-0.0459642 0.181407 0.442182 0.444609 0.857143
-0.0104642 0.181407 0.456682 0.466699 0.857143
-0.0104642 0.251719 0.487932 0.466699 0.946429
-0.0604641 0.181407 0.406682 0.5 0.857143
-0.0459642 0.181407 0.442182 0.5355 0.857143
-0.068222 0.251719 0.46444 0.557758 0.946429
-0.0459642 0.181407 0.371182 0.4645 0.857143
-0.0604641 0.181407 0.406682 0.5 0.857143
-0.0917141 0.251719 0.406682 0.5 0.946429
-0.0104642 0.181407 0.356682 0.533301 0.857143
-0.0459642 0.181407 0.371182 0.555391 0.857143
-0.068222 0.251719 0.348924 0.569242 0.946429
0.0250359 0.181407 0.371182 0.511211 0.857143
-0.0104642 0.181407 0.356682 0.533301 0.857143
-0.0104642 0.251719 0.325432 0.533301 0.946429
0.0395358 0.181407 0.406682 0.5 0.857143
0.0250359 0.181407 0.371182 0.5355 0.857143
0.0472937 0.251719 0.348924 0.557758 0.946429
0.135973 0.143906 0.553119 0.557822 0.353562
0.195786 0.143907 0.406682 0.595041 0.5
0.0395358 0.181407 0.406682 0.497812 0.5
0.220286 0.106407 0.637432 0.610287 0.26925
0.314536 0.106407 0.406682 0.668935 0.5
0.195786 0.143907 0.406682 0.595041 0.5
-0.0104642 0.143907 0.612932 0.466699 0.29375
0.135973 0.143906 0.553119 0.557822 0.353562
0.0250359 0.181407 0.442182 0.488789 0.4645
-0.0104642 0.106407 0.731682 0.466699 0.175
0.220286 0.106407 0.637432 0.610287 0.26925
0.135973 0.143906 0.553119 0.557822 0.353562
-0.156902 0.143906 0.553119 0.375576 0.353563
-0.0104642 0.143907 0.612932 0.466699 0.29375
-0.0104642 0.181407 0.456682 0.466699 0.45
-0.241214 0.106407 0.637432 0.323111 0.26925
-0.0104642 0.106407 0.731682 0.466699 0.175
-0.0104642 0.143907 0.612932 0.466699 0.29375
-0.216714 0.143907 0.406682 0.338357 0.5
-0.156902 0.143906 0.553119 0.375576 0.353563
-0.0459642 0.181407 0.442182 0.444609 0.4645
-0.335464 0.106407 0.406682 0.264463 0.5
-0.241214 0.106407 0.637432 0.323111 0.26925
-0.156902 0.143906 0.553119 0.375576 0.353563
-0.156902 0.143906 0.260244 0.375576 0.646438
-0.216714 0.143907 0.406682 0.338357 0.5
-0.0604641 0.181407 0.406682 0.435586 0.5
-0.241214 0.106407 0.175932 0.323111 0.73075
-0.335464 0.106407 0.406682 0.264463 0.5
-0.216714 0.143907 0.406682 0.338357 0.5
-0.0104642 0.143907 0.200432 0.466699 0.70625
-0.156902 0.143906 0.260244 0.375576 0.646438
-0.0459642 0.181407 0.371182 0.444609 0.5355
-0.0104642 0.106407 0.081682 0.466699 0.825
-0.241214 0.106407 0.175932 0.323111 0.73075
-0.156902 0.143906 0.260244 0.375576 0.646438
0.135973 0.143906 0.260244 0.557822 0.646437
-0.0104642 0.143907 0.200432 0.466699 0.70625
-0.0104642 0.181407 0.356682 0.466699 0.55
0.220286 0.106407 0.175932 0.610287 0.73075
-0.0104642 0.106407 0.081682 0.466699 0.825
-0.0104642 0.143907 0.200432 0.466699 0.70625
0.195786 0.143907 0.406682 0.595041 0.5
0.135973 0.143906 0.260244 0.557822 0.646437
0.0250359 0.181407 0.371182 0.488789 0.5355
0.314536 0.106407 0.406682 0.668935 0.5
0.220286 0.106407 0.175932 0.610287 0.73075
0.135973 0.143906 0.260244 0.557822 0.646437